000000
000003
000005
000007
000009
000010
000012
000016
000020
000024
000029
000030
000038
000041
000042
000049
000050
000053
000055
000065
000066
000067
000068
000072
000074
000075
000076
000083
000089
000090
000091
000095
000096
000097
000101
000103
000106
000107
000111
000113
000116
000125
000126
000134
000138
000139
000140
000147
000149
000157
000165
000166
000167
000170
000176
000179
000183
000184
000186
000193
000196
000201
000204
000212
000217
000219
000220
000227
000228
000232
000233
000235
000239
000240
000241
000242
000245
000246
000249
000256
000264
000269
000274
000279
000282
000284
000285
000286
000289
000290
000292
000296
000299
000303
000309
000316
000319
000324
000329
000336
000341
000342
000343
000344
000350
000351
000353
000356
000361
000365
000367
000369
000374
000377
000380
000384
000385
000390
000394
000395
000402
000408
000413
000416
000417
000420
000422
000429
000440
000444
000446
000452
000456
000458
000460
000466
000471
000475
000476
000483
000484
000488
000494
000496
000499
000505
000510
000511
000512
000515
000518
000525
000527
000528
000533
000534
000545
000555
000562
000567
000588
000594
000595
000599
000604
000609
000611
000613
000614
000617
000618
000620
000624
000629
000633
000637
000640
000641
000644
000645
000646
000657
000658
000664
000665
000666
000669
000682
000687
000688
000693
000695
000696
000697
000702
000703
000709
000710
000718
000721
000726
000727
000734
000740
000741
000742
000746
000747
000749
000758
000771
000772
000773
000777
000788
000790
000791
000797
000801
000811
000817
000827
000829
000830
000837
000844
000847
000848
000850
000852
000855
000860
000861
000862
000866
000867
000870
000873
000874
000877
000879
000880
000884
000885
000887
000892
000897
000903
000904
000905
000907
000916
000917
000921
000925
000928
000932
000937
000939
000941
000949
000950
000954
000955
000956
000959
000968
000971
000973
000978
000982
000987
000996
000997
001005
001009
001015
001023
001024
001028
001033
001035
001039
001040
001048
001051
001052
001055
001056
001057
001063
001066
001077
001082
001083
001085
001090
001097
001104
001105
001107
001111
001112
001115
001122
001145
001146
001148
001153
001154
001162
001166
001170
001180
001181
001183
001195
001198
001202
001204
001220
001222
001228
001229
001230
001236
001240
001242
001248
001259
001267
001268
001271
001281
001292
001299
001301
001305
001310
001315
001321
001324
001330
001333
001335
001336
001342
001362
001363
001364
001377
001379
001389
001390
001393
001400
001405
001417
001418
001428
001429
001436
001446
001447
001456
001457
001458
001463
001476
001477
001479
001483
001495
001500
001502
001514
001515
001520
001522
001528
001534
001535
001536
001537
001539
001541
001543
001554
001557
001558
001563
